GID
genome_id
483218.5
1121335.11
649755.3
1120917.3
509191.4
1457393.3
435.5
304077.7
1076596.4
1076596.6
441768.5
1671633.4
1671634.5
1671634.6
32002.45
1156919.3
1216977.3
666510.18
1577685.3
349163.32
349163.28
349163.35
349163.30
349163.33
349163.29
349163.34
349163.31
349163.14
637389.19
637389.17
637389.18
637389.3
243159.4
1433292.4
920.15
1432062.4
930.4
240015.3
351607.8
47920.4
47920.3
1768795.3
358220.3
1662456.4
1662456.3
553814.3
1662457.4
1662457.5
1662457.6
1662457.3
1662458.4
1662458.5
1662458.6
1662458.7
1662458.3
439481.10
439481.9
405416.6
405416.47
405416.48
509173.8
1455315.5
1455315.7
1455315.8
1279013.3
509170.13
509170.14
509170.15
509170.6
470.1314
470.1295
470.1294
470.10973
470.2928
470.4394
470.4395
470.4396
470.2930
470.4397
470.4398
470.2929
470.1764
470.1763
470.4383
470.13910
1353941.3
48296.21
48296.510
40216.22
62977.6
1795629.3
1675902.3
1120930.3
340345.3
1224142.3
228399.4
434271.4
339671.7
1883427.1324
1883427.1314
1883427.1315
1883427.1316
1883427.1323
1883427.1317
1883427.1322
1883427.1318
1883427.1320
1883427.1319
1883427.1321
1120936.3
561175.3
1120943.3
1660.4
1246995.3
1120949.3
1710355.3
1120950.3
1050202.3
479430.3
33936.19
866775.3
416568.3
648.78
29489.3
380703.7
29491.22
29491.20
29491.23
29491.21
1347420.3
1198449.6
272557.25
56636.3
1120953.3
1197906.5
1120957.3
1089447.4
1440771.3
1167007.3
1167008.3
1167009.3
1167010.3
1434258.3
1434259.3
1434260.3
1434261.3
1434262.3
1434265.3
1434263.3
1434264.3
1440768.3
1440769.3
1440770.3
714.46
714.106
714.45
634176.19
1156935.5
176299.53
176299.54
176299.10
311403.8
311403.37
311403.35
311403.36
358.66
153730.5
1120958.3
1330458.3
1120959.3
453304.3
349741.6
1671635.4
1156918.4
1120962.3
232846.3
1177181.3
1736674.21
1120963.3
1120965.3
1120966.3
1120970.3
179636.6
1255277.3
543302.3
521098.5
521098.32
521098.31
521098.30
1356854.4
1120971.3
1120972.3
1200346.3
1220571.3
1111479.4
1220572.3
1220573.3
1381123.3
1197174.4
1651088.3
1618023.6
1193119.3
1187066.3
1120978.3
543877.5
543877.4
2652380.3
572547.3
584708.3
429009.3
429009.21
1120983.3
562743.4
1220586.4
1278309.7
208439.3
208439.7
33910.4
33910.5
31958.7
287986.3
1647413.7
1647413.5
525254.4
655811.4
229919.9
1120992.3
290397.18
1794912.14
1120998.3
212042.8
1121002.4
1297581.3
1315967.3
491915.6
1548750.3
1532906.3
284502.6
1920663.3
1920664.3
2841031.3
2841032.3
2841033.3
2799578.3
2799579.3
224324.8
224324.18
1379258.3
224325.10
1344584.3
48.18
1442598.4
1355368.3
1355371.3
1355373.3
1355374.3
1355376.3
1898176.3
872965.10
1121013.3
1121015.3
1121016.3
76114.25
76114.24
76114.8
1121018.3
656366.10
656366.4
290340.10
1121019.4
1246476.3
930171.3
1570137.3
1312954.3
1704044.5
1704044.4
1704044.3
1312959.3
1267981.3
1312978.3
1267973.3
218158.3
1618207.4
1618207.5
1496689.3
1571833.3
1534409.3
1652545.3
1441386.9
553184.4
1121024.3
1121028.3
1121030.3
1314749.5
1765050.3
192.45
192.71
192.72
192.70
192.69
192.68
1121033.3
1121034.3
137722.21
137722.20
137722.23
137722.22
137722.24
137722.25
137722.3
353.5
353.8
353.7
353.6
1283330.3
1283331.3
1314750.3
1028381.3
1637974.5
1386.1892
444461.3
1121085.3
293387.116
1390.742
1423138.3
1384051.3
1434324.5
1333538.6
1390.496
1177186.3
1458206.3
1213182.3
1213182.5
1211117.3
1392.288
1392.411
1392.304
1392.412
1220587.3
1239783.5
1452.36
1452.76
1121086.3
1131731.3
1348627.3
1455.7
1117379.3
632773.3
649639.5
222523.6
222523.38
226900.82
226900.8
405532.5
288681.29
288681.30
288681.27
288681.26
288681.28
288681.15
347495.3
347495.12
347495.13
269801.5
405531.16
405531.17
405531.7
1396.484
1396.495
1396.485
1396.486
1396.2354
1396.489
1396.487
1396.493
1396.490
1396.2356
1396.491
1396.492
1121087.3
265729.29
1348626.3
66692.6
345219.8
1150624.3
1150625.3
1314752.3
1414647.3
1414647.6
1314753.7
1314754.3
1121091.3
1458122.18
1348629.3
1121092.3
1368424.3
1402.61
1402.138
1402.136
1402.190
1402.137
1402.135
1348908.3
1348623.6
1348623.9
796606.12
796606.13
796606.5
796606.15
796606.16
796606.3
492670.9
1405.14
1349756.3
1121093.3
1174504.3
1227811.3
1350468.3
1408.132
1355022.5
561879.3
1649580.3
1348630.3
1581850.3
1827146.3
1071072.3
1071073.3
1071078.3
1071079.3
1071080.3
1423321.9
1191699.3
1423.126
1423.127
1423.128
1423.129
1423.130
1423.131
1423.134
1423.132
1423.133
1433293.3
1453990.4
1220533.3
1423.170
1423.169
1423.177
1236548.3
96241.37
224308.43
1302650.3
535025.4
135461.10
1428.247
1430.25
1430.37
570416.35
570416.30
570416.36
570416.37
570416.32
570416.34
570416.29
570416.31
570416.33
570416.11
1223507.3
492670.440
492670.321
492670.439
1349757.3
1688776.4
1121094.3
411901.7
537012.5
679937.3
997877.5
483217.6
272559.41
272559.17
295405.30
295405.11
1121096.3
1121097.3
1121098.4
1121099.3
1121100.7
667015.7
667015.9
667015.8
667015.3
821.287
657309.4
1121104.3
360095.6
634504.9
634504.3
283166.5
283165.4
803.6
264462.9
1069642.3
395963.13
395963.24
395963.23
866536.3
360411.10
367928.6
411481.5
703613.4
442563.4
1167629.6
1168290.3
742729.3
580050.3
302911.167
302911.168
1681.1019
566552.4
1121107.3
561180.4
205913.32
205913.31
205913.6
205913.11
1322347.4
206672.24
206672.9
391904.5
1678.111
1266716.3
1300227.3
759350.3
1678.110
1121108.3
1121109.3
78448.10
2879940.3
2879940.4
1121110.3
1121111.3
1121112.3
1768762.3
1768737.3
1768782.3
1768748.4
1768739.3
1768746.3
1768788.3
1768740.3
1768733.3
1768742.3
1768751.3
1768761.3
1768750.3
1768735.3
1768745.3
1768743.3
1768736.3
1768738.3
1768734.3
360910.4
1216982.4
257310.5
398518.3
257311.4
1216981.3
257313.5
1331258.7
1331258.8
1328311.3
1081646.8
1081646.7
139.135
139.136
139.137
139.138
139.139
139.140
139.141
139.142
139.143
139.144
139.145
139.146
139.90
139.89
139.162
139.165
139.167
139.160
139.163
139.166
139.150
139.161
139.164
139.159
139.88
139.148
139.155
139.151
139.158
139.147
139.156
139.154
139.149
139.152
139.153
139.157
1408833.4
2020412.3
406341.6
1121116.3
1358104.3
1355477.87
1355477.89
1355477.88
1355477.86
1079479.3
1079466.3
398525.3
398524.3
1038859.3
1038860.3
29448.7
936455.3
1325090.8
1325115.7
476282.6
224911.5
1038861.3
936135.3
1038862.3
1038863.3
1079467.3
1038864.3
1038865.3
1038866.3
375.37
196490.3
1768766.3
1768760.3
1768759.3
1768775.3
1768753.3
443598.3
189753.3
113395.3
1566379.4
546899.3
754500.3
1038867.3
172088.3
1246477.3
1300222.3
1393.6
1121121.3
1346613.3
1229781.4
1349751.3
321955.4
1381751.3
1121123.3
1443434.7
430066.4
262698.4
235.36
235.32
235.34
235.33
235.40
235.37
235.38
235.31
235.35
235.39
235.41
470735.4
1148757.3
224914.11
224914.16
444178.3
1171378.3
204722.5
470137.4
645170.29
645170.30
645170.31
645170.27
645170.28
520488.3
32008.710
32008.711
1218074.4
339670.34
339670.8
396596.7
1218075.5
1323664.6
75105.3
95486.490
983594.7
886913.3
292.70
488447.11
1218078.3
1218079.3
396598.3
1218080.3
1218081.3
1038869.3
1038870.3
395019.47
395019.8
87883.44
87883.43
1218083.4
398527.4
28450.244
28450.156
159450.34
667585.3
667632.3
668820.3
1506587.3
1506588.3
140098.3
1804984.5
1804984.7
1804984.6
1080179.4
948106.3
935543.3
1218084.3
271848.6
266265.5
1450524.4
1388761.3
1121917.3
1121259.3
632292.3
632335.8
632335.16
632516.3
608506.3
632518.3
1349753.4
768670.24
768670.3
397948.10
1156417.3
391592.5
306254.7
195.1500
195.1501
195.1502
195.1503
195.282
195.1201
195.1202
195.926
195.927
195.1208
195.1207
195.1206
195.429
195.1100
1243032.3
1242969.3
1242967.3
1242965.3
1242968.3
196.40
360107.7
360107.10
197.5166
197.5165
1357994.3
1380767.3
1380768.3
1383068.3
1383068.5
1349826.3
1349826.4
1349827.3
1349827.4
1295010.3
57911.3
1197129.14
857335.6
857335.8
1621989.5
1633631.5
2053573.3
1671625.5
2874846.3
1392998.3
1577684.6
1229908.8
1229909.8
1582439.9
1679446.4
1580092.5
2559597.3
1476577.3
234267.13
1705394.21
1003181.3
521097.5
391606.3
1119529.5
246194.6
1266845.5
1349760.7
1121271.3
190650.5
1768763.3
1768770.3
1768768.3
576117.5
1758178.3
515326.3
266130.4
1223509.5
76861.4
931535.3
233583.3
688270.3
1710.17
1349761.3
1523621.3
1898960.3
414004.10
227865.3
1121274.4
1559339.8
1121280.3
485918.6
264202.18
243161.6
243161.20
1234369.3
1234367.3
1234368.3
272561.5
218497.5
227941.6
227941.17
264202.11
115711.10
115713.3
138677.3
182082.4
377431.3
319225.5
194439.7
324602.8
251747.15
243365.4
290398.11
1121285.4
1121286.4
236814.5
525257.3
491205.5
421531.5
1121288.4
558152.5
445961.5
1768758.4
1705393.3
1685010.5
1721091.3
1721091.6
1685010.9
1685010.8
1233950.5
1664318.4
1227361.3
307480.5
35703.16
35703.17
67825.18
1173691.3
1212820.3
443906.52
443906.51
443906.13
31964.42
31964.41
31964.6
866499.3
1671636.4
1671637.4
1671638.4
1671639.4
1671640.4
1671641.4
1676163.4
1676162.4
1671642.4
1671643.4
1671644.4
1671645.4
1304284.3
1671646.4
1671647.4
1671648.4
1671649.4
1676160.4
1671650.4
1676153.4
1676154.4
1671651.4
1671652.4
1671653.4
1676155.4
1671654.4
1671655.4
1671656.4
1671657.4
1671658.4
1671659.4
1676156.4
1671660.4
1676157.4
1676158.4
1671661.4
1676159.4
272563.206
272562.61
272562.8
1128398.3
1341692.4
441770.6
413999.7
413999.26
441771.6
536232.3
498214.7
498214.18
508765.6
935198.21
498213.7
498213.21
515621.3
515621.12
515621.13
445336.4
445337.5
508767.5
441772.13
441772.21
445335.4
1491.428
1491.430
1491.425
1491.429
1491.427
1491.424
1491.435
1491.426
1491.433
1491.432
1491.434
1491.431
1491.439
1491.440
1491.436
1491.437
1491.438
447214.4
632245.3
536227.4
717608.3
272563.8
479834.4
455631.3
566550.8
500633.7
1294142.3
642492.3
86416.12
86416.3
1428454.3
195103.10
451754.5
451756.6
451755.5
451757.5
289380.24
289380.25
289380.15
195102.48
195102.6
1502.206
1502.365
1502.361
1502.363
1502.364
1502.362
1502.176
1502.177
1502.358
1502.359
1502.360
1502.366
357809.8
69208.3
610130.3
1354301.3
1523154.3
1523156.3
1523155.3
1523157.3
1629550.3
1352601.3
1538552.3
1509.30
1121335.3
1195236.3
1513.25
1513.24
1172203.3
1513.23
212717.8
212717.25
203119.11
572545.3
492476.4
1233099.4
1121342.10
1212547.3
865861.6
553385.4
279058.17
279058.18
158899.10
279113.10
279113.9
742722.3
167879.5
1458425.3
1458426.3
1458426.4
1768803.4
1768804.4
614083.3
1219031.4
1121348.4
1219032.4
1609966.12
1609966.13
1609966.11
717962.3
470146.3
411474.6
751585.3
309798.4
1531429.3
553204.6
1348662.3
191610.3
191610.5
931089.7
931089.6
931089.4
257309.4
61592.4
196164.6
196164.21
196164.22
1451189.3
1451189.4
548477.7
548477.4
196627.14
196627.13
1310161.3
340322.15
340322.5
1718.128
1718.46
1718.141
1718.188
1718.189
1404245.6
1404245.3
1121362.3
1121362.10
1223515.4
1223515.3
156978.3
525262.3
1408189.4
1224162.3
1224162.11
1224162.12
1224163.3
1224163.4
1121364.3
553207.3
1223512.3
161895.4
161895.5
525264.4
1168865.3
1089446.3
1087451.3
1161911.3
1719.264
1719.266
1719.261
1719.260
1719.1052
1719.551
1719.617
1719.1821
1719.618
1719.1823
1719.256
1719.1824
1719.1822
1719.619
1719.1826
1719.1825
1719.1827
1719.620
1719.549
1719.1053
1719.265
1719.550
1719.263
161899.3
1705.8
1705.16
1200352.3
65058.20
65058.18
65058.68
65058.67
65058.66
1267754.3
401472.3
401472.6
1072256.5
858619.3
1727.16
1224164.3
360116.4
360116.10
434922.5
434922.9
360117.3
227377.26
227377.7
227377.34
290339.26
290339.25
290339.8
422296.3
1267562.4
82541.3
266264.41
266264.42
266264.40
266264.9
1349762.5
388051.3
1040978.3
1040979.3
1328305.3
320787.11
655438.3
1242864.3
269798.16
1121374.3
640081.3
639282.12
639282.3
1417296.3
1473580.8
243164.10
1388758.3
61435.119
1217799.31
1223518.3
319795.16
319795.26
319795.25
709986.3
937777.3
243230.69
243230.70
243230.17
1704277.3
398578.5
1220577.3
327095.3
676200.3
1095025.3
676202.3
431489.3
676199.3
577470.3
1095026.3
1121385.3
522772.6
1768754.3
1768779.3
1121388.4
1121392.3
439235.4
1121394.3
272564.6
1121399.3
177437.4
177437.21
2772557.3
1121403.3
1121404.3
1121406.3
485915.5
485915.10
935942.4
1379281.3
177439.6
1286635.3
1121422.3
1285191.3
349161.6
696281.4
1121434.3
643562.6
1121436.3
207559.7
1121440.3
1121441.3
1121443.3
596151.4
1121448.10
1121448.13
1121448.7
1121453.3
1121456.3
573370.26
573370.25
573370.3
415242.3
1121462.3
2718620.3
882.34
882.5
1121467.3
1121468.4
694431.3
1121472.3
868864.3
768672.7
490899.14
1603606.3
469381.10
246195.4
198628.6
1089444.17
1231725.3
1306951.3
2778368.3
309799.4
398580.10
398580.32
398580.30
398580.31
398580.34
398580.33
29332.5
29332.6
1121479.3
411462.6
1121480.5
1121481.4
1121482.3
1664276.5
1121859.3
2781961.3
1216966.6
636.5
1216965.3
1423892.3
546274.4
1121861.3
1698521.16
1698521.17
1333660.3
215803.3
106592.22
106592.23
106592.5
1708715.8
1708715.5
1708715.7
1708715.6
1353531.3
936134.4
1070842.3
1312879.3
1177927.3
1812934.19
208224.13
1177180.3
1812935.133
1216470.3
1349765.3
1201292.3
1410655.3
226185.88
226185.87
226185.86
226185.9
1351.296
1351.297
333849.14
1352.379
1178528.3
1245477.3
1245478.3
1302647.4
1302646.4
1350.414
1352.674
1352.2808
1352.2807
1352.2809
1352.2810
1352.2811
1352.804
1352.699
1352.686
1352.687
1352.688
1352.689
1352.690
1352.691
1352.692
1352.693
1352.694
1352.695
1352.696
1352.697
1352.698
1352.700
1352.1724
1352.1725
1352.1723
1352.803
1232728.5
1232727.4
1262665.4
1262668.4
1262667.4
1219467.4
357441.18
357441.19
1330525.3
2559929.3
2559924.3
2559925.3
2559927.3
2559926.3
930854.4
1296537.4
1416928.4
294935.3
504469.3
421072.8
1233951.9
1792309.3
1219359.3
1560201.3
69222.5
1219360.3
650150.7
192812.11
1768792.3
237727.5
161528.3
1768805.5
358709.5
344610.7
344610.17
344610.16
525281.3
340184.6
469008.15
199310.4
536056.3
340186.5
340185.4
331111.12
340197.5
331112.6
1355100.3
1355100.46
1355100.48
1355100.50
1355100.47
1355100.49
1435461.4
1389422.3
1417796.3
1389423.3
1389424.3
1389425.3
1389416.3
1389417.3
1389418.3
1389419.3
1389420.3
679206.4
679205.4
679204.3
796392.4
679202.3
376725.3
1038927.45
373045.6
1078021.3
1078021.4
991915.7
574521.7
574521.33
574521.34
331111.40
331111.39
331111.43
331111.41
331111.42
331111.44
1248823.7
1248823.13
1248823.12
1248903.6
1248903.12
1248903.11
1248902.3
1248902.11
1248902.10
1248915.3
1248915.12
1248915.11
991919.15
83334.215
444454.5
444449.5
444448.5
444453.5
444452.5
444450.8
444450.21
444450.20
444451.5
444447.5
478004.5
478005.5
478006.5
478007.5
478008.5
155864.8
155864.199
386585.9
386585.88
386585.89
83334.197
83334.240
83334.223
83334.198
83334.241
83334.200
83334.242
83334.202
83334.243
83334.203
83334.244
83334.199
83334.246
83334.201
83334.245
83334.292
573235.3
573235.35
573235.36
573235.38
573235.37
244319.350
1078032.3
685038.19
685038.3
577675.3
637912.3
409438.11
409438.51
409438.53
409438.55
409438.54
409438.56
409438.52
439855.10
439855.69
439855.68
439855.67
439855.66
475609.6
316385.7
511145.208
511145.12
316407.9
562.10494
562.10492
562.10493
562.18997
562.12823
562.24404
562.24406
562.24405
562.24403
562.12907
562.46702
562.46694
562.46693
562.46691
562.46692
562.46690
562.46689
562.46688
562.46701
562.46687
562.46686
562.46685
562.46684
562.46683
562.46666
562.46664
562.46682
562.46681
562.46700
562.46680
562.46698
562.46665
562.46679
562.46678
562.46699
562.46677
562.46676
562.46697
562.46663
562.46675
562.46667
562.46696
562.46695
562.46674
562.46670
562.46671
562.46669
562.46644
562.46668
562.46673
562.46643
562.46661
562.46672
562.46642
562.46662
562.46660
562.46659
562.46658
562.46641
562.46640
562.46657
562.46639
562.46656
562.46636
562.46638
562.46637
562.46635
562.46634
562.46655
562.46654
562.46632
562.46633
562.46631
562.46627
562.46630
562.46653
562.46652
562.46651
562.46629
562.46650
562.46626
562.46649
562.46628
562.46623
562.46648
562.46624
562.46621
562.46647
562.46616
562.46622
562.46625
562.46620
562.46619
562.46615
562.46646
562.46617
562.46604
562.46603
562.46645
562.46602
562.46618
562.46601
562.46612
562.46600
562.46599
562.46614
562.46598
562.46597
562.46595
562.46596
562.46594
562.46611
562.46593
562.46613
562.46592
562.46610
562.46591
562.46609
562.46608
562.46590
562.46588
562.46589
562.46586
562.46585
562.46587
562.46584
562.46583
562.46580
562.46582
562.46581
562.46579
562.46577
562.46606
562.46578
562.46576
562.46575
562.46574
562.46607
562.46573
562.46571
562.46572
562.46570
562.46569
562.46605
562.46567
562.46568
562.46560
562.46559
562.46557
562.46566
562.46556
562.46565
562.46563
562.46558
562.46564
562.46561
562.46555
562.46562
562.46541
562.46542
562.46540
562.46554
562.46539
562.46538
562.46536
562.46537
562.46535
562.46534
562.46533
562.46553
562.46552
562.46532
562.46531
562.46529
562.46550
562.46530
562.46549
562.46528
562.46527
562.46526
562.46551
562.46525
562.46522
562.46523
562.46548
562.46547
562.46546
562.46524
562.46544
562.46521
562.46520
562.46519
562.46545
562.46517
562.46518
562.46515
562.46543
562.46516
562.46514
562.46512
562.46497
562.46509
562.46495
562.46513
562.46510
562.46494
562.46511
562.46496
562.46508
562.46507
562.46493
562.46505
562.46506
562.46492
562.46490
562.46489
562.46491
562.46503
562.46488
562.46487
562.46484
562.46504
562.46502
562.46485
562.46501
562.46486
562.46483
562.46482
562.46481
562.46480
562.46479
562.46499
562.46500
562.46478
562.46477
562.46476
562.46498
562.46475
562.46468
562.46474
562.46473
562.46472
562.46471
562.46470
562.46466
562.46464
562.46465
562.46463
562.46462
562.46461
562.46460
562.46459
562.46469
562.46458
562.46467
562.46456
562.46457
562.46455
562.46417
562.46416
562.46415
562.46414
562.46454
562.46413
562.46453
562.46412
562.46452
562.46411
562.46410
562.46409
562.46451
562.46408
562.46407
562.46406
562.46450
562.46404
562.46405
562.46403
562.46449
562.46402
562.46401
562.46400
562.46399
562.46448
562.46397
562.46398
562.46396
562.46446
562.46445
562.46395
562.46392
562.46447
562.46394
562.46444
562.46391
562.46443
562.46442
562.46393
562.46441
562.46390
562.46389
562.46440
562.46387
562.46439
562.46438
562.46388
562.46386
562.46384
562.46437
562.46385
562.46436
562.46382
562.46383
562.46435
562.46381
562.46380
562.46379
562.46378
562.46433
562.46377
562.46434
562.46431
562.46376
562.46432
562.46375
562.46373
562.46429
562.46374
562.46430
562.46372
562.46428
562.46371
562.46370
562.46427
562.46369
562.46425
562.46426
562.46368
562.46366
562.46367
562.46365
562.46364
562.46363
562.46424
562.46423
562.46362
562.46361
562.46360
562.46359
562.46358
562.46422
562.46357
562.46421
562.46356
562.46420
562.46419
562.46355
562.46354
562.46418
562.46349
562.46348
562.46347
562.46352
562.46346
562.46353
562.46345
562.46344
562.46351
562.46312
562.46340
562.46343
562.46342
562.46341
562.46350
562.46313
562.46311
562.46339
562.46310
562.46308
562.46338
562.46309
562.46307
562.46306
562.46304
562.46305
562.46337
562.46336
562.46335
562.46303
562.46302
562.46301
562.46300
562.46334
562.46299
562.46298
562.46333
562.46332
562.46297
562.46331
562.46296
562.46295
562.46294
562.46293
562.46329
562.46330
562.46292
562.46328
562.46327
562.46326
562.46291
562.46290
562.46325
562.46289
562.46288
562.46287
562.46324
562.46323
562.46286
562.46285
562.46284
562.46322
562.46321
562.46320
562.46283
562.46319
562.46280
562.46282
562.46318
562.46281
562.46279
562.46317
562.46278
562.46277
562.46276
562.46274
562.46275
562.46273
562.46272
562.46271
562.46270
562.46316
562.46269
562.46268
562.46267
562.46266
562.46265
562.46263
562.46314
562.46262
562.46259
562.46315
562.46264
562.46260
562.46261
562.10472
562.10471
562.9022
562.24414
562.24413
562.24412
562.10496
562.10495
562.10497
562.10499
562.10498
562.10500
562.10501
562.9734
562.9733
1286171.3
633697.3
2841037.3
1087448.3
1385984.4
1484479.4
1399115.3
1345023.5
856854.3
649755.5
1682490.3
1121879.3
1349749.3
1121880.3
589924.11
333146.12
1403537.3
520764.4
381764.8
548918.5
59374.8
1459804.4
1257021.4
1220578.3
1218110.3
1341154.3
1453505.4
1218111.3
1121888.3
1107311.3
1121889.3
1121890.3
1121891.3
37752.5
991.19
376686.10
362418.5
1341155.3
1121897.4
1189620.3
1202532.3
1341181.4
1270193.7
1121898.3
1121901.3
1678840.5
755732.3
1555194.4
1356861.5
119857.100
119857.106
119857.105
119857.135
119857.132
119857.128
119857.98
119857.111
119857.104
119857.140
119857.144
119857.145
119857.134
119857.137
119857.148
119857.146
119857.119
119857.130
119857.113
119857.121
119857.143
119857.125
119857.123
119857.116
119857.115
119857.117
119857.110
119857.138
119857.129
119857.127
119857.124
119857.122
119857.126
119857.101
119857.147
119857.103
119857.151
119857.109
119857.149
119857.141
119857.108
119857.114
119857.118
119857.139
119857.150
119857.136
119857.133
119857.142
119857.131
119857.99
119857.112
119857.107
119857.152
119857.102
119857.120
102891.4
981405.3
573496.3
683305.3
683307.3
573497.4
1352929.3
683313.3
1502734.3
1502723.3
683316.3
981426.3
145483.3
1267021.3
314231.3
1048380.9
1307442.5
1307442.9
1307442.10
1307443.5
1307443.7
1307444.5
1307444.20
1441734.4
1441736.4
1441732.4
1441735.4
1441733.4
1441737.4
1226633.4
76859.3
76859.8
76859.4
190304.8
1307428.4
76856.4
76856.3
393480.8
393480.13
76857.7
76857.83
76857.82
76857.8
76857.85
76857.84
76857.52
209882.4
1307427.5
1671662.4
1676152.4
682148.3
682147.3
214688.27
379066.3
1379270.3
1121915.3
483547.12
483547.13
1220594.3
1223502.4
1220595.3
1095383.7
1547578.4
1482738.3
1482739.4
1430331.3
1233873.3
272567.18
272567.8
937593.4
1422.15
1422.14
1422.16
1413215.3
420246.18
420246.7
634956.3
1223501.3
1406857.3
1223503.4
1220596.5
404380.4
398767.5
398767.15
269799.8
269799.19
243231.5
113653.26
1445513.3
1445514.3
1445512.3
1183438.3
272568.38
272568.37
272568.39
272568.12
272568.11
1296990.3
318683.7
318683.8
941463.3
290633.27
290633.25
290633.26
290633.23
290633.24
290633.11
1288313.3
442.4
1307950.3
1307951.3
656744.4
656744.5
1386969.3
468556.3
1128398.8
1308866.3
1121929.3
1121930.3
1220580.4
1121934.3
233412.5
281310.6
262727.7
262728.6
71421.8
727.565
727.562
727.566
727.561
727.560
727.558
727.557
727.559
727.552
727.553
727.554
727.555
727.556
1450514.3
1450515.3
1450513.3
1399771.3
1399772.3
205914.15
205914.11
228400.7
797209.4
1457250.4
760192.7
760192.6
760192.8
760192.3
1417673.8
1417673.17
1417673.16
272569.36
272569.37
272569.33
272569.31
272569.35
272569.34
272569.32
272569.17
2509225.3
1121938.3
1543706.3
1793726.3
64091.31
64091.30
478009.20
478009.38
478009.37
478009.36
478009.35
64091.14
358396.167
358396.168
1264579.4
1508454.3
1243180.4
469382.18
469382.36
469382.35
469382.34
469382.37
469382.33
1210908.21
699431.7
485914.20
485914.12
1641165.4
2745.82
2746.8
1121940.3
1121943.4
1609967.3
1177117.3
574966.4
519442.20
1416969.3
373903.5
1671624.4
555778.5
382638.14
382638.24
235279.5
85962.8
585535.5
290847.5
585538.3
357544.13
357544.23
499171.4
499172.4
85963.7
1431450.5
1431450.3
102617.13
102617.11
498761.4
180195.5
211589.4
864073.3
1262470.4
1235558.4
346179.4
1078773.6
1223495.3
964.11
1220584.5
28444.4
295585.3
688067.3
564415.3
354426.3
760142.3
1480615.6
411684.3
1484.13
2740515.3
608538.5
380749.5
1349752.3
1349791.3
1437444.3
1349793.3
1227739.3
1227739.8
1227739.9
1227739.7
415426.13
1029756.8
228405.9
314276.4
283942.6
1122124.3
86103.6
1111732.3
583356.9
572544.12
572544.11
572544.3
1297617.81
1297617.82
584657.9
139208.79
1216968.3
1216969.3
1210046.3
1216970.3
1216972.3
290400.10
1508404.14
1508404.3
1122129.3
419479.7
702383.7
471856.5
645512.3
914150.17
523791.5
1144748.3
266940.11
266940.27
266940.26
1307763.7
1572751.3
1263871.10
1087446.3
1087447.3
1294269.3
1352932.3
1352933.3
1279040.3
573.1365
573.1366
573.1367
573.15862
573.15865
573.15864
573.15863
1395575.3
1395574.3
1226115.3
272620.9
272620.60
272620.62
272620.59
272620.58
272620.61
1406314.3
1406314.9
1406314.10
1406314.12
1406314.11
72407.80
72407.733
1734033.3
2071634.3
1349768.3
71999.5
1296990.13
1296990.11
1296990.14
1296990.15
1296990.12
1220579.3
1662421.3
1177180.18
1177180.10
1177180.11
1330330.3
153496.12
153496.19
153496.18
153496.16
153496.20
153496.17
153496.15
153496.13
153496.23
153496.24
153496.22
153496.25
153496.21
1223526.4
485913.10
2778365.3
2778366.3
2778367.3
2778369.3
2778364.3
2717365.3
1449976.3
562970.4
1391654.11
2093742.3
1392836.4
1526571.10
2799574.3
2799572.3
2799575.3
2799573.3
2799576.3
2799577.3
2486011.6
337330.94
1314884.3
272621.13
649758.3
387344.35
387344.34
387344.15
1580.119
1580.186
1580.188
1580.187
1580.191
1580.185
1580.190
1580.193
1580.189
1580.120
1580.197
1580.194
1580.196
1580.192
1580.198
1580.195
1580.117
1580.183
1580.181
1580.184
1580.180
1580.182
1580.118
1580.201
1580.200
1580.202
1580.199
321967.11
498216.19
498216.13
1185325.3
28038.103
321956.7
1585.12
1392007.3
1400520.3
1318629.3
1366052.7
1366052.11
1366052.10
1366052.5
1366052.9
1366052.8
1366052.6
1366052.3
1613.34
1617889.4
52242.14
52242.11
52242.12
52242.13
52242.10
52242.4
324831.13
1185324.3
1380360.5
1380360.4
1380360.3
1334627.3
1074467.8
1218494.15
1218494.16
1218494.17
1218494.14
1587.33
1587.34
257314.6
2051900.3
148814.6
1457219.4
1296538.5
1903258.4
1296540.6
321967.30
1457217.4
1358413.3
1328309.5
1284223.3
220668.102
220668.101
220668.100
220668.9
1590.349
1590.339
1590.341
1590.342
1590.343
1590.344
1590.347
1590.346
1590.345
1590.654
1590.651
1590.655
1590.649
1590.648
1590.650
1590.656
1590.653
1590.647
1590.652
1590.154
1590.340
1590.324
1590.326
1590.350
1590.1376
1590.293
1590.702
1590.336
1590.337
1590.338
1590.351
1590.325
1590.330
1590.328
1590.329
1590.331
1590.332
1590.334
1590.335
1590.333
1590.327
1590.348
1340495.3
1340495.9
1340495.12
1340495.11
1340495.7
1340495.10
1340495.8
1380361.3
47715.97
47715.98
47715.96
47715.93
47715.91
47715.94
47715.95
47715.92
47715.149
47715.170
47715.148
47715.169
47715.168
47715.167
47715.147
47715.166
47715.165
47715.164
47715.146
47715.163
47715.145
47715.161
47715.144
47715.143
47715.162
47715.160
47715.142
47715.159
47715.158
47715.141
47715.157
47715.156
47715.140
47715.139
47715.171
47715.151
47715.155
47715.172
47715.175
47715.173
47715.174
47715.154
47715.153
47715.152
47715.138
47715.150
1402208.3
1402207.4
1623.10
1623.11
1599.62
1599.75
1599.74
1599.76
1423833.5
1423833.6
2559916.3
2668065.3
2559918.3
2559919.3
2559917.3
2559915.3
2559914.3
2559920.3
2559922.3
2559921.3
2559923.3
2668066.3
2799571.4
2799571.5
2799571.6
2799571.3
2853241.5
2853241.3
2853241.4
2853241.6
2841034.3
2841034.4
2841034.5
2841034.6
1281486.5
1181234.4
1363.32
1850438.3
1358.51
1359.20
1449093.3
1449093.6
1449093.7
1449093.10
1449093.8
1449093.9
416870.9
272622.10
272622.23
272622.22
272622.24
272622.25
272622.26
1111678.11
1111678.7
1111678.12
1111678.8
1111678.13
1111678.14
1111678.9
1111678.10
1359.221
1137134.3
272623.7
1117941.3
1117941.13
1652957.4
1151742.5
1610491.6
2950371.5
1234378.3
1234378.5
1234378.6
1234378.4
363253.14
363253.15
363253.13
363253.5
68170.11
66976.14
66976.15
1312904.4
281090.11
1577897.3
1577895.3
1577900.3
1577902.3
1577898.3
1577899.3
1577901.3
1577896.3
1219085.5
1678841.5
229920.7
1385935.3
1080068.3
338215.3
211880.15
267671.5
189518.3
573825.3
44276.10
178606.4
1122175.4
1252.31
1607837.4
115778.49
1607839.26
434464.6
178001.5
935294.7
1246.4
427140.4
1245.48
1245.52
1245.54
1245.53
1245.120
1245.125
1339224.3
203120.23
203120.7
1511761.4
910540.4
501487.4
1339246.3
935295.8
1339247.3
33968.62
33968.63
1406906.5
2766469.3
2766470.3
2766471.3
2799567.3
2799568.3
2950375.5
2799569.3
2799566.3
2799570.3
229921.15
1273132.55
1293045.4
1678129.3
1678128.3
272626.21
272626.9
1457190.3
202751.3
202752.7
202752.6
393133.28
393133.8
1380708.3
169963.11
393118.7
393117.11
393119.8
393120.39
393122.12
393121.7
393123.7
393124.10
393125.10
393126.4
393127.4
552536.6
393130.8
393131.7
393132.8
1457187.3
1457188.3
267409.5
265669.9
267410.6
1639.1602
1639.1603
1639.1604
1639.980
1639.1601
1639.981
1538547.6
1122181.3
314232.4
360412.5
1122182.3
1348334.3
1220589.4
1145276.3
1400869.5
1285586.5
458233.24
458233.22
458233.21
458233.20
458233.25
458233.19
458233.23
458233.18
458233.11
1244869.3
697281.3
1197477.3
1316932.3
272629.3
221988.4
394221.8
980251.4
1643333.5
1545835.5
1643334.5
1643335.5
443152.3
351348.9
351348.23
351348.24
1318628.3
1420917.4
1420916.4
270374.3
1921010.3
643867.13
643867.3
1678028.3
371196.13
1458465.3
907.5
1285585.3
1273103.4
1227551.4
1227553.3
504728.6
1297799.3
526227.6
526227.15
526227.14
1385937.4
1385937.3
33970.9
33970.7
33970.15
33970.3
33970.11
33970.8
33970.5
33970.13
33970.6
33970.14
33970.4
33970.10
33970.12
1294270.3
265311.5
1449348.3
1450512.4
1040981.3
935548.3
1040984.3
1450516.3
1566387.3
1040985.3
1040987.3
399549.15
39441.6
420247.28
521002.11
483214.13
573063.7
243232.25
243232.26
243232.20
644281.11
644281.8
1069083.5
579137.13
579137.12
579137.10
1041930.6
304371.9
2082189.3
259564.15
2226.9
419665.15
267377.15
406327.12
410358.15
118126.5
368407.15
1671626.3
644295.12
644295.10
523843.5
1535962.3
867904.13
867904.9
1675034.6
190192.8
456442.19
188937.25
796385.3
269797.27
269797.17
192952.21
1236903.5
2209.222
1671627.3
1715806.4
339860.19
521011.8
323259.15
187420.15
647113.14
647113.11
523846.9
420662.15
420662.29
1430884.4
1437443.4
265072.11
697282.3
272630.27
272630.28
272630.29
272630.30
272630.7
440085.14
440085.15
440085.6
419610.10
908290.3
693986.4
441620.7
441620.21
441620.20
31998.58
1768765.3
1768789.3
1096546.3
1730094.3
1965321.4
243233.7
1295382.3
1760988.4
675511.3
1538553.4
702114.23
1930071.3
754477.6
754476.3
754477.3
595536.4
993073.4
1348634.3
33885.17
82380.42
1213358.6
1768780.3
1696072.6
1452537.3
1452536.3
1452534.3
1452535.3
1504156.3
1226285.5
316330.3
718014.3
1566628.3
2591606.3
1270.35
1270.53
1270.30
1349773.3
267870.3
482300.6
1150864.3
1581705.3
1621261.3
1550034.3
1550034.4
1182970.4
1182970.3
412690.6
1997.3
1996.4
161358.3
46175.3
264732.11
1223508.3
1202962.4
756698.3
714943.3
516051.11
561007.40
36809.5
1087469.4
1087469.3
243243.7
1402213.3
1402214.3
1229671.6
1229671.3
262316.17
233413.5
413996.5
1765.319
1303685.4
83262.18
561304.4
272631.5
459424.11
459424.13
459420.5
216594.35
216594.6
56689.5
56689.6
133549.9
710686.3
246196.19
1570328.3
555461.3
1452723.3
164513.4
515615.5
348776.4
443149.4
443150.4
83331.22
707235.4
336982.7
419947.8
419947.9
83332.12
478434.4
478435.3
1279011.3
675512.4
675513.4
675514.5
675515.5
675516.5
675517.5
675518.5
675520.5
675521.5
675522.5
675523.5
395095.3
1773.522
1773.523
1773.8650
1773.8651
1773.8652
1773.8653
1773.836
362242.7
350058.8
319705.134
1110504.5
1188234.3
1188236.3
243272.4
1188233.3
1188235.3
1188237.3
1188242.3
289397.4
29555.3
1188238.3
340047.17
1188243.3
512564.3
943945.3
29557.3
708616.3
233150.7
243273.25
243273.27
295358.5
262722.5
262719.5
29559.24
29559.25
29559.26
29559.27
29559.28
29559.29
29559.30
1188244.3
1264554.4
267748.5
1188246.5
436113.4
1188251.3
1188255.3
1188258.4
1188248.3
272632.4
1188259.3
2103.21
1188239.3
743968.5
272633.4
272634.6
272635.4
262723.5
1267001.5
1188240.3
1583100.3
1334629.3
1189310.3
246197.24
1124780.5
694430.10
694430.9
694430.4
598659.3
242231.10
521006.8
521006.25
272831.7
122586.8
122587.5
487.1231
33053.4
33053.3
320497.4
207954.4
1441457.3
652017.6
2706014.3
2714855.3
1545442.5
314279.3
1229.5
1814290.3
44574.3
1444684.3
44577.3
155925.3
58133.4
1936990.3
1379680.4
247156.8
247156.18
247156.19
1223546.4
1005945.6
196162.22
196162.12
1005944.5
1236902.3
1246475.3
1223496.3
1237500.3
1235441.3
1245472.3
1246444.3
1246445.3
1246460.3
1245475.3
1246485.3
1246448.3
1246474.3
1691891.3
2849687.3
1117702.3
1219033.3
1219034.3
1088721.7
1088721.11
1088721.13
1088721.15
1088721.14
1088721.12
1768752.3
1739113.3
1739114.3
391624.3
1227550.3
670487.13
670487.3
221109.4
582851.8
1337887.3
1234597.4
94625.7
931074.3
379360.3
203123.7
1335618.3
633147.4
765420.9
290340.49
290340.48
1122915.5
1220556.3
59846.3
1220558.3
1220560.3
59840.4
1380763.3
1380763.4
1380763.5
1220562.3
59843.4
59843.5
1220565.3
1220566.3
1220568.3
1349780.3
162209.4
1429244.3
1156938.3
1695218.3
2749268.3
1462996.4
867076.9
867076.10
867076.13
867076.11
867076.12
867076.8
867076.3
1566358.5
1566358.3
1196323.3
1472719.3
588083.3
1172204.5
1662865.4
1231057.8
588319.9
694427.4
121719.15
121719.10
549.16
553.31
553.76
553.75
1323664.11
75105.10
75105.11
398527.31
1629550.4
1367847.3
1367847.13
1367847.12
1367847.15
1367847.14
1367847.11
318586.5
318586.24
1051075.5
1569209.3
634956.29
634956.30
1510841.11
1510841.9
1510841.10
1510841.7
33033.4
314260.8
747.138
1169409.3
1169410.3
1161102.3
1132496.9
272843.6
44283.20
44283.22
44283.19
44283.14
44283.21
44283.11
44283.16
44283.15
44283.17
44283.18
44283.13
44283.71
44283.12
929712.3
1768242.6
1076138.5
218491.5
29471.30
29471.25
29471.36
554.31
1076137.6
1267545.3
1267544.3
278197.12
1460385.3
320771.5
1414851.3
338966.9
338966.18
338966.17
324925.5
913107.7
1671628.5
370438.4
1286171.8
1496.848
1671663.5
862517.3
596330.3
1354300.3
575609.3
123214.3
123214.12
1423144.22
1423144.21
1423144.26
1423144.23
1423144.27
1423144.24
1423144.25
1423144.3
1768784.3
1768774.3
450851.6
450851.10
1200302.3
1200302.12
265726.11
314280.5
298386.28
298386.8
1342794.3
875932.3
1721120.3
680026.4
286156.4
1393736.3
29488.15
141679.4
574560.13
1221520.3
1393735.3
263820.9
2045.3
1238.101
1238.250
1238.248
1238.252
1238.249
1238.175
1238.246
1238.247
1238.245
1238.244
1238.185
1238.120
1238.231
1238.229
1238.230
1238.228
1238.127
1238.201
1238.203
1238.202
1238.205
1238.119
1238.233
1238.234
1238.235
1238.232
1238.126
1238.209
1238.208
1238.206
1238.207
1238.204
1238.118
1238.241
1238.240
1238.243
1238.236
1238.125
1238.212
1238.211
1238.213
1238.210
1238.116
1238.255
1238.253
1238.251
1238.254
1238.117
1238.239
1238.242
1238.238
1238.237
1238.124
1238.217
1238.215
1238.216
1238.214
1238.122
1238.220
1238.222
1238.223
1238.221
1238.123
1238.219
1238.218
1238.121
1238.227
1238.226
1238.224
1238.225
388467.9
388467.7
388467.11
388467.10
388467.8
388467.6
192421.4
200991.3
1541197.3
1273538.8
1885025.3
391625.5
1354260.8
1336803.3
1250005.3
1321608.3
365044.20
365044.41
365044.36
365044.37
365044.42
365044.38
365044.39
365044.43
365044.40
296591.26
296591.27
296591.12
1125966.3
1144253.3
267135.8
267135.10
267135.13
267135.5
267135.7
267135.11
267135.9
267135.6
267135.14
267135.12
1768773.3
1403335.5
1403338.3
1403336.3
431947.7
242619.8
837.83
837.47
837.85
1515610.4
1122984.4
1347790.3
267747.3
1747.94
66712.6
290512.6
290512.15
1123009.3
1312367.3
529507.6
529507.23
1279010.3
471881.3
585.160
520999.6
521000.6
587.27
471874.6
930171.23
930171.24
1165091.3
722419.3
152297.3
1353533.3
1365248.3
1365249.3
1365250.3
1365251.3
1365252.3
1365253.3
1365254.3
1365255.3
1365256.3
1129367.4
1365257.3
161398.10
493915.3
1461766.3
234831.3
87626.5
411467.62
990370.3
1265313.9
1249552.6
350703.9
350704.7
1457194.3
1194669.3
1231931.3
1231932.3
1231933.3
381754.6
388272.4
208964.12
1367494.3
1367493.3
1191475.3
1352354.3
1328315.3
1231930.3
208963.12
1315978.3
1350465.3
1400868.3
1434267.3
1352355.3
287.2577
287.4602
287.2538
287.1866
741155.4
289370.9
1154758.3
1123016.6
587753.6
1215095.3
1441629.3
53408.5
1316927.4
1215098.3
1294143.3
463794.5
1262454.3
216595.32
216595.4
294.125
294.122
294.184
294.178
294.171
294.176
294.174
294.181
294.182
294.179
294.175
294.180
294.173
294.170
294.169
294.172
294.183
294.126
294.124
1215102.3
1316934.3
857227.3
1419583.3
1348058.4
1215108.3
1225174.6
1225174.5
300.73
1215110.3
76759.16
1388763.4
1215114.3
1330531.3
220664.5
380021.18
122355.8
1220495.3
1150601.3
1193146.3
1312921.3
1211579.3
1218169.3
1388760.3
1449986.3
303.171
303.176
321846.7
321846.3
1439940.3
1586081.3
1387231.3
1904754.4
1674920.3
2609418.3
1608357.5
1206777.3
1179778.3
2842481.3
1354732.3
1495066.3
1495331.4
1212549.4
1196835.3
1123519.7
1212548.4
316.77
316.104
1458475.4
629269.3
1154761.3
1154762.3
1260626.4
1262350.4
1262350.7
1365665.4
317.174
317.175
317.173
1388762.3
86265.5
200450.3
675635.33
675635.32
675635.11
1931992.3
1123384.7
911045.17
128785.3
259536.19
1123034.5
349106.17
349106.18
349106.9
1189619.4
313595.4
178306.9
410359.14
384616.10
444157.8
698757.20
698757.19
1227555.3
272844.15
272844.11
1185654.4
186497.12
70601.8
1609559.3
1183377.7
2309.8
694429.7
381666.42
381666.6
264198.23
264198.22
264198.6
1335617.3
1431453.4
305.447
365046.3
1336806.4
288705.4
1635005.3
1768797.4
1768801.4
1768802.4
1768796.4
1768799.4
1768800.4
1768798.4
420324.3
538025.6
538025.12
538025.10
538025.11
1432050.3
1328306.3
1328306.17
1328306.20
1328306.19
1328306.18
1328306.16
1328306.21
1432049.3
1432049.14
1432049.15
1432049.13
1432049.12
29449.23
363754.13
363754.12
1418105.3
1418105.15
1418105.16
1418105.17
56730.5
56730.12
56730.13
56730.11
56730.10
1408223.5
1033991.3
754518.3
754520.3
754523.3
216596.63
216596.60
216596.61
216596.65
216596.64
216596.62
216596.11
1118451.7
648995.11
1220581.4
1301032.6
1301032.5
1301032.4
1301032.7
1301032.3
363754.4
1720346.5
2020313.3
2020313.4
2020313.5
2020313.6
2020313.7
1604021.3
698761.32
698761.31
698761.30
61013.3
272942.6
272942.34
272943.9
349102.29
349102.27
349102.31
349102.28
349102.30
349102.13
349101.6
349101.20
557760.5
557760.27
557760.28
1169855.3
191292.23
191292.24
191292.16
1219013.5
1136179.20
1136179.4
234621.6
234621.39
234621.40
234621.38
1219015.4
1219017.3
101510.43
101510.42
101510.44
101510.16
1303689.4
1219019.3
1219020.3
37919.25
37919.26
37919.13
37919.22
37919.23
37919.21
37919.24
37919.20
37919.10
1303690.4
1273125.3
1240349.3
186196.5
1219029.3
338969.11
338969.25
858455.3
1123057.7
243090.15
316055.16
316056.16
316057.6
258594.28
258594.8
316058.11
1421013.3
395960.4
1768806.4
414684.5
269796.21
269796.9
518766.7
518766.26
29549.12
29549.11
1187851.3
392021.5
693978.3
1671664.4
1671665.4
1676150.4
313596.4
76731.8
585394.18
622312.4
383372.6
980254.6
525371.3
582515.4
406547.7
266117.10
49319.4
1265309.19
1265309.17
1265309.16
1265309.18
1265309.4
1577903.3
1577904.3
246199.4
411473.3
411470.6
411460.6
657313.3
1379401.3
1379406.3
1702097.3
471857.5
203122.15
405948.11
270918.14
1729720.4
1333523.5
1292032.3
309807.25
309807.35
391967.3
1149863.3
1150612.3
1149864.3
369723.5
1307839.5
1197719.3
1197719.4
218493.5
1243617.3
1245396.3
1243608.3
1243612.3
1243616.5
1243616.4
1243616.3
1367492.3
1242087.3
1242088.3
1302616.3
1240708.3
1240694.4
399583.3
1242089.3
1094506.5
321314.9
321314.20
321314.21
1242090.3
1192560.5
1242091.3
1242092.3
1242696.3
149539.440
149539.339
149539.340
1242093.3
685040.3
1242094.3
1242095.3
611.124
611.281
611.283
611.282
611.280
611.105
611.273
611.272
611.65
611.255
611.254
611.257
611.256
611.259
611.126
611.287
611.125
611.288
611.127
611.290
611.291
611.289
611.114
611.293
611.292
611.294
611.111
611.296
611.295
611.116
611.297
611.298
611.122
611.275
611.274
611.276
611.66
611.263
611.258
611.261
611.264
611.260
611.262
611.123
611.286
611.284
611.285
611.108
611.278
611.277
611.279
611.64
611.252
611.253
1242096.3
1242081.3
1242097.3
1242098.4
1242098.3
1242100.3
1242697.3
1242101.3
1242102.3
1242102.4
1242102.5
1242105.3
1242106.3
260680.3
1242107.4
1242107.5
1242107.3
1242108.3
1243576.3
1243578.3
1243579.4
1243580.3
1348563.3
1243582.3
1243581.3
108619.37
108619.119
108619.120
108619.121
1129117.3
1243584.4
1243584.5
1243584.3
1243586.3
1243587.3
295319.15
1072568.3
1072569.3
1072570.3
1243588.3
1072571.3
1072572.3
1016998.12
476213.15
476213.4
605.10
1243591.5
1243591.4
1243591.3
1240693.3
497977.10
496065.3
220341.49
220341.48
220341.7
497976.4
497975.4
497974.4
497973.3
496068.3
496064.4
496067.4
496066.3
209261.6
99287.12
99287.209
90371.903
1243594.3
1243595.3
1243598.3
1243600.3
59201.545
59201.158
59201.633
59201.628
59201.632
59201.630
59201.634
59201.631
59201.629
1243602.4
1243602.5
1243602.3
1243604.3
1710356.3
1223525.3
694433.3
1445613.3
2799580.3
1401260.6
1453352.7
1458425.4
1411141.3
1378072.3
1379259.4
615.95
1206776.4
326297.10
1353536.3
318161.16
318167.14
458817.8
225849.4
425104.7
2950245.5
1521167.3
392500.6
332186.3
344609.11
344609.24
344609.25
344609.26
344609.27
344609.28
300268.30
300268.11
358708.5
300267.34
300267.33
300267.13
766157.3
766159.3
198215.6
198214.32
198214.7
766160.3
373384.11
945360.3
766146.3
766147.3
766148.3
766152.3
766145.3
300269.21
300269.20
300269.19
300269.18
300269.12
1454006.9
644107.3
37927.4
1408224.9
1408224.13
1408224.15
1408224.14
194963.26
194963.30
194963.31
194963.29
366394.32
366394.31
366394.33
366394.8
266834.53
266834.54
266834.11
1194706.3
1286640.3
1286640.19
1286640.20
1194707.3
1194708.3
1194709.3
1194714.3
1194715.3
1194716.3
1194717.3
1194718.3
1235461.17
1235461.18
1235461.15
1235461.16
1194719.3
707241.3
707241.20
707241.21
1041159.3
1380771.3
1385367.3
1443103.3
1445515.3
1443104.3
343509.12
343509.31
343509.33
343509.32
1239307.9
1239307.3
1123261.3
1254432.3
760011.3
1346330.5
1229276.3
1338009.3
1338009.5
525373.3
1219036.3
452662.35
452662.33
452662.34
452662.3
1450518.5
1768781.3
1303256.4
13690.11
13690.34
1219043.4
1123268.4
1560345.3
1560345.8
1219050.3
1768757.3
1768791.3
1768790.3
1768785.3
1768755.3
1768744.3
1768787.3
1768783.3
1768769.3
1768749.3
1768741.3
1768786.3
1768776.3
1768778.3
1768772.3
473781.5
400971.3
33050.5
33050.16
33050.19
33050.15
33050.17
33050.18
1219058.4
1219058.6
1329640.3
1480694.3
1307761.3
570509.17
570509.18
504472.25
504472.20
504472.23
504472.19
504472.24
504472.18
504472.22
504472.21
504472.7
269673.6
582850.3
1382305.3
1212545.3
452948.4
455227.3
1323659.3
1323660.3
1324326.3
1324330.3
1324329.3
1324327.3
1324331.3
273036.6
1429880.3
1429881.7
1429882.3
1429874.15
1429875.3
1429876.4
1429877.3
1429878.3
1429879.3
1410788.3
1280.34802
1280.3378
1280.10341
1280.34803
1280.15110
1280.34801
1280.37671
1280.37107
1280.34804
1280.37672
1280.37108
1280.37673
1280.37109
1144271.3
93062.60
93062.19
46170.87
359787.21
359787.11
359786.26
359786.13
282458.4
282459.20
282459.5
196620.5
418127.6
158878.33
158878.14
158879.243
158879.11
93061.5
1169408.3
561307.5
548474.3
548473.6
548473.9
548475.3
451515.76
451515.77
451515.3
451516.42
451516.43
451516.9
450394.9
450394.6
426430.8
46170.433
46170.239
46170.240
46170.241
46170.412
46170.130
46170.129
46170.413
46170.414
46170.415
46170.135
46170.136
46170.416
46170.128
46170.171
46170.137
46170.417
46170.138
46170.419
46170.139
46170.420
46170.140
46170.421
46170.141
46170.133
46170.131
46170.142
46170.134
46170.418
46170.132
904334.4
1345000.4
1344999.4
176280.70
176280.71
176280.69
176280.67
176280.72
176280.68
176280.10
1344998.4
764544.3
1344997.4
1344996.4
1344995.4
176279.51
176279.9
1344994.4
1344993.4
1344992.4
1344991.4
1344990.4
1344989.4
904317.3
904319.3
904321.3
904328.3
904330.3
904347.3
1344988.4
1344987.4
279808.26
279808.28
279808.27
279808.8
1283.48
28035.86
1405498.3
1202667.3
904338.3
591019.7
399550.11
128780.6
1220593.3
216778.7
2695856.3
2695855.3
2496847.3
342613.36
208435.3
342614.4
205921.4
342617.4
342616.4
876138.3
342615.4
211110.3
1279012.3
1311.349
1328.22
1328.20
76860.4
1051072.7
1210006.5
1294274.5
1335.4
467705.9
1302.18
1338.26
246201.6
28037.222
28037.99
28037.100
28037.94
28037.92
28037.95
28037.96
28037.97
28037.98
1198676.3
1155071.4
210007.7
1309.102
1309.86
1303.43
1303.44
1765960.3
189423.5
561276.4
1449970.3
1449971.3
453364.9
453361.4
453362.4
453365.4
373153.27
1449354.3
1449967.3
1449968.3
1449969.3
171101.6
453363.4
170187.11
170187.12
1313.7126
1313.7127
1313.7128
1313.7129
1313.7152
1313.7154
1313.7149
1313.7125
1313.7118
1313.7119
1313.7120
1313.7121
1313.7151
1313.7122
1313.7123
1313.7124
1313.7134
1313.7136
1313.7137
1313.7130
1313.7153
1313.7155
1313.16141
1313.7090
1313.7096
1313.7097
1313.7098
1313.7099
1313.7141
1313.7100
1313.7101
1313.7102
1313.7142
1313.7103
1313.7091
1313.7104
1313.7105
1313.7106
1313.7143
1313.7107
1313.7108
1313.7109
1313.7144
1313.7110
1313.7111
1313.7138
1313.7145
1313.7112
1313.7113
1313.7146
1313.7114
1313.7115
1313.7147
1313.7148
1313.7116
1313.7117
1313.7092
1313.7139
1313.7093
1313.7094
1313.7095
1313.7140
1313.7135
1313.7150
1313.7133
1313.7131
1313.7132
873448.3
160490.10
286636.3
198466.3
293653.4
319701.6
186103.3
1390076.3
1390084.3
1390077.3
1390078.3
1390080.3
1390081.3
1390082.3
1390083.3
193567.3
160491.19
1314.195
1314.267
1074494.6
1304.1720
1304.1737
1304.1759
1304.1712
1304.173
1074068.3
1074132.3
1074189.3
1310.4
1768764.3
1768777.3
1768771.3
1768767.3
672190.3
391295.8
286604.5
391296.8
423211.3
218494.6
299768.6
322159.26
322159.25
322159.8
264199.4
1073569.3
1073570.5
1308.49
1308.1537
1308.1561
1308.1597
1308.1519
218495.5
1423886.4
1888.3
278992.5
278992.20
227882.9
227882.28
227882.48
443255.58
443255.59
443255.56
443255.57
443255.6
443255.19
285562.5
100226.15
100226.109
100226.110
285564.3
285533.3
1906.10
67301.3
1907.4
1907.8
1911.7
455632.4
1377993.3
68042.6
68042.5
264445.3
39478.4
58340.27
1223523.3
358823.6
1421017.3
1927.3
1927.4
68264.3
194673.3
1576605.3
352211.3
574929.3
444103.5
2779671.3
1559982.3
1550035.3
1546107.3
1621260.3
1550033.4
1547867.3
1897621.3
1679753.3
1621259.3
1306990.3
1571774.3
913267.4
260742.3
1359208.3
552354.3
1661694.4
284037.3
1469144.10
1469144.8
1469144.9
1380770.3
2824673.3
411471.126
1214914.3
2823152.3
330779.12
425944.11
425944.10
429572.10
427317.9
427318.11
426118.10
439386.10
419942.11
419942.12
555311.11
273057.12
273063.9
709032.16
709032.15
709032.17
709032.18
709032.3
204536.4
432331.4
326298.21
326298.7
1349789.5
1349788.5
1193502.14
1150621.9
292459.5
1662190.3
32049.15
32049.61
32049.62
32049.64
32049.65
32049.66
32049.63
1350461.3
1350461.7
1350461.6
651822.3
335543.9
645991.3
1671629.3
1671630.3
643648.3
1671631.7
1671631.6
56780.15
203275.8
1577905.20
29575.17
669041.3
1671632.3
1302648.3
1302649.3
1401258.6
187493.8
485447.8
1544451.3
44139.8
1378080.3
1395101.3
1379386.3
1379389.3
644966.3
867903.3
525903.6
281456.11
509193.4
580331.4
583358.4
1350366.3
399726.7
273068.5
697303.4
1421016.3
1312852.3
525904.6
1223522.5
269800.6
53422.5
1505907.3
1505907.13
593117.10
1432656.3
69014.16
523849.5
523850.10
1674923.3
163003.5
582419.3
1151117.4
667014.3
289377.5
747365.3
2580394.3
289376.4
368408.17
368408.14
1550241.5
1365176.7
732234.3
309801.4
309801.17
471852.6
273075.10
273116.8
1054217.5
555079.3
401526.7
660294.6
484019.4
391009.9
46541.13
46541.11
46541.12
46541.14
46541.15
46541.16
1462747.5
1437364.7
1643331.5
1643332.5
197221.4
520762.6
1408159.3
1219083.7
1219084.8
416591.5
243274.5
309803.4
390874.12
1408160.3
126740.6
126738.3
688269.3
1676151.4
981385.3
520767.10
648996.25
648996.5
580340.17
580340.6
498848.5
498848.20
498848.22
498848.21
498848.23
276.5
456163.4
456163.5
743525.97
743525.8
570924.3
262724.21
262724.6
274.41
274.42
274.40
274.25
274.50
274.57
274.69
274.76
274.14
274.18
292415.6
160660.4
2795687.3
317025.14
317025.9
1501432.3
765913.3
595494.3
243275.7
1095955.3
1306407.3
218496.4
203267.6
649638.3
1188241.3
565575.4
526347.8
550747.8
515611.4
626096.4
518603.8
519849.5
550773.4
1321609.3
1321611.3
866776.4
866776.18
866778.4
866778.12
1637999.4
1219076.4
338187.36
338187.60
1206055.4
1206055.3
1224742.3
404974.7
412967.9
345072.13
412883.10
417399.11
243277.26
1263863.3
345073.12
345074.23
345075.31
345076.18
666.3826
1384040.4
312309.32
312309.11
388396.11
388396.57
1125980.3
1216040.4
990268.12
689.11
1400797.3
1400798.3
1259812.3
674.62
50718.3
29495.13
29495.16
29495.15
29495.14
28173.21
990998.3
419109.26
1211705.3
1449358.3
223926.6
1429044.6
1429044.14
670.1655
670.822
670.1260
670.1261
670.1262
670.961
670.482
104609.4
1224743.12
190895.33
1219064.10
1004316.4
314289.8
1004326.3
1461323.3
1461322.3
990271.12
216895.17
1112911.13
1219061.29
196600.38
196600.6
340101.3
403957.12
403957.11
403957.10
403957.5
572478.10
1391653.7
1505725.5
137591.47
137591.46
137591.44
137591.43
137591.48
137591.45
137591.27
137591.149
46256.12
2704091.3
2704092.3
2559928.3
89061.4
1790137.5
1579979.7
1219362.3
1261130.3
29447.9
359387.4
69929.10
1437449.3
316581.4
190486.42
190486.41
190486.7
1437877.3
1437877.5
92828.22
92828.23
92828.24
1401257.4
1437878.3
270916.6
1357995.8
314565.5
190485.4
1357996.3
1357998.3
1358008.3
1357999.4
1358000.3
1358001.3
1358002.3
1358003.3
1358009.4
1358010.4
1358004.3
1358014.3
1358015.3
340.305
316273.34
316273.36
316273.37
316273.35
316273.10
1437881.3
454594.12
454594.13
1137651.4
1137651.13
1137651.12
611301.24
611301.64
611301.102
611301.103
1437449.5
1437449.4
456327.28
427082.3
427081.3
366649.8
1423889.3
1423890.3
1321368.3
1248412.3
628.3
1572762.3
1305855.5
1214121.5
1211847.5
1211847.8
160492.59
160492.60
160492.11
155919.4
945689.3
1403344.3
183190.37
183190.5
2371.186
2371.583
2371.246
2371.209
2371.190
2371.245
2371.189
2371.244
2371.188
2371.241
2371.584
155920.4
1444770.9
1444770.12
54067.7
393305.41
393305.7
1218100.3
214092.21
214092.190
214092.192
214092.191
1348062.3
375450.5
187410.23
187410.11
229193.14
229193.21
229193.23
229193.24
229193.22
373665.6
373665.9
273123.21
273123.22
273123.10
1218101.3
29486.45
1349786.3
1349787.3
63186.3
350.3
33074.3
264203.5
1333998.3
2035437.3
2035438.3
2035439.3
2035440.3
2035441.3
2035442.3
2035402.3
2035403.3
2035404.3
2035405.3
2035406.3
2035407.3
2035408.3
2035409.3
2035410.3
2035411.3
2035412.3
2035413.3
2035414.3
2035415.3
2035416.3
2035417.3
2035418.3
2035419.3
2035420.3
2035421.3
2035422.3
2035423.3
2035424.3
2035425.3
2035426.3
2035427.3
2035428.3
2035429.3
2035430.3
2035431.3
2035432.3
2035433.3
2035434.3
2035435.3
2035436.3
1379303.3
1379305.3
1383028.3
1379385.3
1383026.3
1383060.3
1379399.3
1379398.3
1379397.3
1379392.3
1379393.3
1379394.3
1415632.3
1071085.3
312284.4
1495144.7
